2009-08-19,12:28:42,9bxw6,621,"""We had some Australians; they stayed here for four days. They would take turns sleeping and the only time they left was to go to the ATM,"" -World's First Cocaine Bar in Bolivia ",guardian.co.uk,http://www.guardian.co.uk/world/2009/aug/19/bolivia-cocaine-bar-route-36
2009-08-19,22:11:28,9c2of,344,Bill Clinton's visit to North Korea revealed more about the nation than intelligence has been able to uncover for decades,nytimes.com,http://www.nytimes.com/2009/08/19/world/asia/19korea.html?scp=2&sq=clinton&st=cse
2009-08-20,00:27:09,9c487,112,At least 95 people were killed and 563 wounded in a series of truck bombings and other attacks on Wednesday that rocked areas around official buildings in central Baghdad,nytimes.com,http://www.nytimes.com/2009/08/20/world/middleeast/20iraq.html?_r=1&hp
2009-08-19,12:15:26,9bxs8,79,"Dawkins calls for official apology for Alan Turing - the code-breaking genius and father of the modern computer who committed suicide after being prosecuted for being gay
",belfasttelegraph.co.uk,http://www.belfasttelegraph.co.uk/news/local-national/dawkins-calls-for-official-apology-for-alan-turing-14457480.html
2009-08-19,23:01:58,9c38p,71,UK defends NHS against stateside attacks. [vid],channel4.com,http://www.channel4.com/news/articles/uk/brown defends nhs on twitter/3307857
2009-08-19,16:41:42,9bzz5,58,Chinese scientist with Stanford PhD now drives a taxi.,straitstimes.com,http://www.straitstimes.com/Breaking+News/Singapore/Story/STIStory_418626.html
2009-08-20,04:37:18,9c6zu,53,"It may make great headlines but to my mind this is child abuse and irresponsible parenting. And anyway what faith can you have in a father who changes his name to ""Happy birthday""",timesonline.co.uk,http://www.timesonline.co.uk/tol/news/uk/article6802159.ece
2009-08-20,00:12:44,9c42i,36,"Sweden report shows that Apartheid Israel steal organs from Palestinian to Sell them later and make profit ... Israel respond: ""Anti-semite""!",stockholmnews.com,http://www.stockholmnews.com/more.aspx?NID=3794
2009-08-20,06:39:46,9c84u,35,"""The Arctic Sea was carrying something, not timber and not from Finland, that necessitated some major work on the ship,"" she wrote in the Moscow Times newspaper on Wednesday.",abc.net.au,http://www.abc.net.au/news/stories/2009/08/20/2661192.htm
2009-08-20,04:45:11,9c72z,31,"Aleksei Etmanov's visit to Brazil: ""he saw that the conditions of car workers there were significantly better than those on Russia. He also saw how trade unionists participated in political struggle.""",socialistworld.net,http://socialistworld.net/eng/2009/08/1801.html
2009-08-20,03:46:33,9c6gk,20,"""They ask me if my mom wore a burka,'' said Amri, who is writing a book about Afghanistan's food and cultural heritage. ""I tell them she wore a miniskirt.""",cnn.com,http://www.cnn.com/2009/WORLD/asiapcf/08/19/afghan.untold/index.html
2009-08-20,05:29:18,9c7im,20,Weapon mock-ups loaded on the second Sukhoi Su-35 prototype on display at MAKS 2009 give an indication of the future air-to-surface weapons the aircraft could carry in Russian service.,aviationweek.com,http://www.aviationweek.com/aw/blogs/defense/index.jsp?plckController=Blog&plckBlogPage=BlogViewPost&newspaperUserId=27ec4a53-dcc8-42d0-bd3a-01329aef79a7&plckPostId=Blog%3a27ec4a53-dcc8-42d0-bd3a-01329aef79a7Post%3ab0d34765-8fad-4c88-aa1f-e05a13056885&plckScript=blogScript&plckElementId=blogDest
2009-08-19,10:27:11,9bx0s,17,Iraq: Islamists are conducting a campaign of torture and murder against men suspected of homosexual activity,reuters.com,http://www.reuters.com/article/worldNews/idUSTRE57G1E420090817
2009-08-19,05:58:55,9buzo,19,"Israelis Sour to Rahm Emanuel.  Once ""Attack 
Dog, Policy Wonk, Committed Jew.""  Now a ""Self-Hating Jew.""  ",politico.com,http://www.politico.com/news/stories/0809/26173.html
2009-08-19,18:50:08,9c0zo,16,"""They beat us if we raised our heads; they beat us when they were getting us into the police cars,"" ",cnn.com,http://www.cnn.com/2009/WORLD/americas/08/19/honduras.amnesty.report/index.html?eref=rss_topstories
2009-08-19,21:21:45,9c27q,14,"Divisions over Bahamas's marital rape bill. ""Anti"" arguments are… interesting.",jonesbahamas.com,http://www.jonesbahamas.com/news/45/ARTICLE/20194/2009-08-06.html
2009-08-19,23:26:12,9c3ih,14,Buddha’s Savage Peace ,theatlantic.com,http://www.theatlantic.com/doc/200909/sri-lanka
2009-08-19,22:43:36,9c318,15,"Buran, from space shuttle to fairground ride",sovietrussia.co.uk,http://sovietrussia.co.uk/buran-from-space-shuttle-to-fairground-ride/
2009-08-19,14:00:23,9bym0,14,"If you've read the novel 'White Tiger', Dharana is a village in 'the darkness'. In 'the darkness' education barely exists, sanitation is non-existent and a light bulb is as high tech as it gets. ",blogs.abc.net.au,http://blogs.abc.net.au/offair/2009/08/young-love-and-old-threats-in-the-darkness.html
2009-08-19,14:04:45,9byna,14,"There’s a saying in Iceland now, “Oh, that’s so 2007!” meaning that something is excessively grand, over the top or just plain, old “splash a lot of cash.”",icelandreview.com,http://icelandreview.com/icelandreview/daily_life/?cat_id=16539&ew_0_a_id=337886
2009-08-20,07:35:37,9c8l4,10,"It's beginning to look a lot like the bad old days in Iraq. ""Although the attacks were all confined to the capital and the north, while the rest of the country remained relatively calm, they demonstrated a degree of sophistication that U.S. officials thought the insurgents could no longer muster.""",montrealgazette.com,http://www.montrealgazette.com/opinion/editorials/beginning+look+like+days+Iraq/1900350/story.html
2009-08-20,06:58:15,9c8b4,10,Italian banks may take ham and wine as collateral,guardian.co.uk,http://www.guardian.co.uk/world/2009/aug/19/italy-food-wine-banks-collateral
2009-08-20,06:22:25,9c7zo,9,Bookie pays out 2 mil on tiger to early and suffers for it,ca.news.yahoo.com,http://ca.news.yahoo.com/s/afp/090817/oddities/golf_uspga_betting_britain_woods
2009-08-19,16:45:26,9c00h,8,A cable fault that caused a major blackout of internet services across West Africa has been repaired.,news.bbc.co.uk,http://news.bbc.co.uk/2/hi/technology/8206728.stm
2009-08-20,03:41:49,9c6ev,10,Gaza's tunnel economy: Eric Ruder looks at the lengths to which desperate Gazans--starved and deprived by Israel's punishing blockade--are going to in order to keep food and other necessities coming in.,socialistworker.org,http://socialistworker.org/2009/08/19/gazas-tunnel-economy
2009-08-19,10:17:32,9bwy9,7,North Korean Diplomats Given Permission to Meet With Bill Richardson in New Mexico,seminal.firedoglake.com,http://seminal.firedoglake.com/diary/7340
2009-08-19,17:31:36,9c0cf,7,A unique insight into the British forces' Panther's Claw operation in southern Afghanistan.,link.brightcove.com,http://link.brightcove.com/services/player/bcpid1184614595?bctid=34459599001
2009-08-19,10:28:48,9bx19,8,"An estimated 3,000 Brazilians live on Martha’s Vineyard. ",ft.com,http://www.ft.com/cms/s/2/e737b6c6-87a1-11de-9280-00144feabdc0.html
2009-08-19,20:16:03,9c1mw,4,"In Memoriam: Kim Dae Jung, a hero for peace",huffingtonpost.com,http://www.huffingtonpost.com/mary-wald/kim-dae-jung-a-hero-for-p_b_262296.html
2009-08-19,12:21:10,9bxu3,6,"The Taliban's chief spokesman in Pakistan, who was arrested Monday, has confirmed that Meshud, the group's leader, is dead.",news.bbc.co.uk,http://news.bbc.co.uk/2/hi/south_asia/8207735.stm
